4504
6690
932
3240
3360
4942
9228
7436
4675
4322
9237
6243
5506
3939
2563
8050
917
8635
3555
6534
7028
7711
4181
6788
7908
6337
837
6938
2596
5726
4485
772
3019
5545
5731
7120
1107
6411
905
9059
9521
4828
4417
3434
2766
9434
9529
7702
6326
551
4669
1339
4689
8393
9470
9314
2315
8651
4358
8900
5860
1107
1725
8329
1057
4451
8127
1264
7479
8306
1555
6229
7874
5159
7349
8182
1782
5514
8465
3202
9366
2608
3902
189
2998
2164
6261
4970
5814
338
1455
9767
4645
2997
9488
1657
9558
1606
369
9863
2651
5494
3895
7477
9517
2801
8573
1710
6827
7922
1018
8534
4041
2631
24
8250
7562
7277
4240
3308
211
6567
7839
5643
2701
971
8197
6773
659
6109
1013
6772
1418
4775
567
4983
813
2924
4599
7089
1807
8776
9660
494
8170
6938
3690
6672
2456
1525
9581
2518
8804
5117
6345
1788
7103
9143
774
7016
2029
7695
4955
7022
4945
5156
2481
1337
9829
4560
7900
2729
4898
1787
8687
330
5728
4039
6166
3730
3428
4114
196
8829
6501
7658
8358
5367
5509
7000
8950
768
9016
1256
2784
6130
8477
7837
4242
3658
6087
3890
6839
9427
4978
4701
9825
1478
9218
2087
2280
284
2130
3531
9056
6717
1738
2184
39
1866
4489
2502
2634
2070
3882
851
3044
9041
6281
2826
4326
2691
3570
3155
524
3896
252
8958
2540
4544
7223
4304
6989
9789
3006
6670
3823
4896
9880
3912
9976
6636
9365
3784
2088
6197
8164
7195
3608
6938
1013
1623
2945
6618
6178
8515
4097
2258
1572
2319
1791
6348
1564
4540
4523
5305
4048
6431
6250
5951
9789
8095
6588
5656
3613
1724
8656
6798
7405
1816
6413
4367
2451
821
120
980
3842
5326
4195
9083
9872
9723
3751
4901
2654
1085
3174
4293
5296
7964
1899
9898
4454
9183
7796
368
8940
5832
3571
3155
2425
9371
8666
5201
2148
3503
7948
8462
4592
4385
2972
4743
3814
3554
4183
979
8581
5005
3438
1630
8774
5856
6925
881
4427
5417
2503
4161
8621
4379
2649
8378
6860
8562
3864
3856
6843
2249
8405
5370
2170
4065
2871
2370
7592
9009
8856
2239
2440
2616
2377
5405
4712
6426
7691
3913
1227
2768
9561
4892
5953
1209
550
1985
216
5347
1839
7442
3855
9176
7308
2916
8776
9489
8830
9299
8238
1664
2111
6161
4215
8421
5769
1171
761
4424
3671
4451
4384
7335
5399
3925
7667
6393
9841
5709
9404
5895
5333
9006
2804
2678
9925
9140
2995
9291
3487
8257
6773
9055
1191
1480
6546
1487
5197
273
6552
441
5039
5106
8665
6396
6288
9413
5902
2681
7430
7142
4625
8432
1524
6893
5055
445
5410
6949
9650
9461
3722
3742
7431
3719
210
5413
5455
9634
1824
1177
2976
5785
2254
8410
8901
9886
7749
4520
7527
7226
3017
7088
383
4078
1704
5939
9390
7363
3978
1956
6618
9434
8194
1520
6477
5228
8066
6046
3496
792
3261
8236
