9032
6405
1719
4804
346
4424
8001
294
8143
4354
1717
7140
1083
9801
3411
5864
265
8080
8317
700
4793
2818
7054
4315
1704
1247
4837
6867
2055
1249
9561
4272
1077
6165
326
746
4209
9022
5581
2985
3770
8418
7075
4119
3535
4233
3962
6112
2560
5302
1963
9031
5145
1355
9238
884
670
80
2163
4631
7449
6339
2482
797
4023
1201
1228
8272
8621
9971
7456
9632
7608
5491
4366
7649
3017
7283
3427
6572
9116
5066
2603
5228
3061
1435
5441
5595
3814
1844
5551
1981
7001
3518
7614
8260
3943
8538
3107
554
209
9791
54
2463
7243
5490
5408
880
1830
5403
3146
2131
7522
2108
8042
2357
705
6819
4695
4203
6736
7015
735
6246
4610
2285
8978
6804
967
7502
6975
5961
3096
3589
613
9166
3971
3562
525
7336
3426
3921
4209
7553
4156
6031
8335
6661
6764
3294
5204
5512
9916
6294
8870
243
837
5347
1635
1713
3113
2927
6116
3713
3636
2550
9523
4723
4434
9946
8507
1121
3481
2236
4008
9154
4955
7757
1003
1362
4183
4956
1503
9932
3325
8055
4144
4024
5615
5178
5577
9942
8808
8810
6758
6956
1854
3430
5053
2346
9805
7009
7417
5513
6026
7773
2040
2410
7198
4415
767
6720
6196
755
7442
2266
8665
7615
7119
5156
4303
5085
2143
8658
1584
4052
5186
3956
2563
7956
5989
868
98
1909
2416
3524
1285
5552
2600
3538
8417
9547
6381
1157
865
1281
6392
1229
2857
1643
4497
2967
2762
3396
7076
68
8436
4857
8356
6579
643
9581
2668
1251
2108
8711
7969
2615
9008
8674
7995
5288
2662
5896
1020
6805
8943
6575
2907
7134
716
7391
7616
8106
2125
573
6025
5215
1826
4791
2908
1179
8876
8985
7674
1562
4611
5823
2084
4349
2943
9782
4949
464
1107
6541
8281
7588
9686
9666
7113
3577
2737
2916
1460
3579
2242
2452
574
5673
1870
6907
244
9555
952
2295
1778
8433
6230
8535
9549
3557
5293
6219
2748
6402
635
135
1160
8909
7420
1918
7297
9936
5188
5339
380
1768
2746
7010
520
8241
4601
5764
6412
5174
4567
2169
1204
2287
4240
8062
2549
1636
305
5704
4716
2416
7846
1848
7194
7664
4155
3013
3963
3039
3217
5487
4643
3098
9136
8371
8135
7401
4590
5561
7184
3298
5036
5069
9986
4513
1806
9804
8581
563
8140
1705
9749
6689
7028
3541
9383
4824
6131
305
6943
4702
9521
1891
1309
5846
9902
4480
6182
4276
895
5127
4917
5687
5271
4767
6417
149
9328
5581
2784
9280
2259
6947
8822
6146
1700
5634
1325
1103
4217
4956
8680
355
8421
9256
4461
6448
2801
1397
1212
2380
6493
4263
2941
1813
5618
9438
3161
2796
8133
2499
3868
6787
6549
8292
9181
5324
9726
1065
7094
3302
1431
5390
5493
5957
1061
5159
8330
790
4447
9225
7748
8937
1423
6628
6158
9589
9689
4372
2499
177
2440
8944
6367
4042
1766
6307
634
3930
6200
9515
6281
2705
